Species | Chemical Name | Freq (GHz) +/- error | Resolved QNs | Aij | E_L (1/cm) | E_L (K) | E_U (1/cm) | E_U (K) | Upper Level Degeneracy | Linelist 

0a (703.249883899 -- 704.176545691 GHz ) 
CH3CHOv=0 Acetaldehyde 703.55358 0.0002622 10(8,2)-10(7,3)E -3.24005 112.1611 161.37388 135.62912 195.13893 42.0 JPL
CH3CHOv=0 Acetaldehyde 703.52961 0.0002623 11(8,3)-11(7,4)E -3.17035 119.231 171.54583 142.69822 205.30973 46.0 JPL
CH3CHOv=0 Acetaldehyde 704.15071 0.0002604 11(8,4)-11(7,5)E -3.1691 119.1564 171.43849 142.64434 205.23221 46.0 JPL
CH3CHOv=0 Acetaldehyde 703.49922 0.0002624 12(8,4)-12(7,5)E -3.12332 126.9438 182.64276 150.41001 216.40521 50.0 JPL
CH3CHOv=0 Acetaldehyde 704.11293 0.0002603 12(8,5)-12(7,6)E -3.12197 126.8707 182.53759 150.35738 216.32949 50.0 JPL
CH3CHOv=0 Acetaldehyde 703.46131 0.0002625 13(8,5)-13(7,6)E -3.08936 135.2997 194.66497 158.76464 228.42559 54.0 JPL
CH3CHOv=0 Acetaldehyde 704.06732 0.0002602 13(8,6)-13(7,7)E -3.08812 135.2281 194.56195 158.71326 228.35166 54.0 JPL
CH3CHOv=0 Acetaldehyde 703.4147 0.0002625 14(8,6)-14(7,7)E -3.06389 144.2988 207.61259 167.76219 241.37098 58.0 JPL
CH3CHOv=0 Acetaldehyde 704.01275 0.0002601 14(8,7)-14(7,8)E -3.06264 144.2288 207.51188 167.71214 241.29897 58.0 JPL
CH3CHOv=0 Acetaldehyde 703.35808 0.0002625 15(8,7)-15(7,8)E -3.0441 153.9411 221.48563 177.4026 255.2413 62.0 JPL
CH3CHOv=0 Acetaldehyde 703.94803 0.0002599 15(8,8)-15(7,9)E -3.04276 153.8729 221.38751 177.35408 255.17149 62.0 JPL
CH3CHOv=0 Acetaldehyde 703.2901 0.0002625 16(8,8)-16(7,9)E -3.02828 164.2266 236.28409 187.68583 270.03649 66.0 JPL
CH3CHOv=0 Acetaldehyde 703.87185 0.0002598 16(8,9)-16(7,10)E -3.02694 164.1603 236.18869 187.63894 269.96902 66.0 JPL
CH3CHOv=0 Acetaldehyde 703.78282 0.0002596 17(8,10)-17(7,11)E -3.01408 175.0912 251.91573 198.56687 285.69179 70.0 JPL
CH3CHOv=0 Acetaldehyde 703.67948 0.0002597 18(8,11)-18(7,12)E -3.00337 186.6657 268.56876 210.13792 302.33985 74.0 JPL
CH3CHOv=0 Acetaldehyde 703.56025 0.00026 19(8,12)-19(7,13)E -2.99437 198.884 286.14807 222.35224 319.91344 78.0 JPL
CH3CHOv=0 Acetaldehyde 703.42349 0.0002609 20(8,13)-20(7,14)E -2.98668 211.746 304.65351 235.20968 338.41232 82.0 JPL
CH3CHOv=0 Acetaldehyde 703.26744 0.0002627 21(8,14)-21(7,15)E -2.98014 225.2519 324.08537 248.71038 357.8367 86.0 JPL
CH3CHOv=0 Acetaldehyde 703.91522 0.0015438 34(3,32)-33(2,31)A -2.43587 372.71361 536.24866 396.19369 570.03107 38.0 JPL
CH3CHOv=0 Acetaldehyde 703.81046 0.0015507 34(3,32)-33(2,31)E -2.43688 372.69211 536.21773 396.1687 569.99511 38.0 JPL
CH3CHOv=0 Acetaldehyde 703.58621 0.0002621 8(8,0)-8(7,1)E -3.585 99.9501 143.80507 123.41921 177.57169 34.0 JPL
CH3CHOv=0 Acetaldehyde 703.57214 0.0002621 9(8,1)-9(7,2)E -3.35426 105.7342 152.12705 129.20284 185.893 38.0 JPL

0b (704.176545691 -- 705.103207484 GHz ) 
CH3CHOv=0 Acetaldehyde 704.1817 0.0002605 10(8,3)-10(7,4)E -3.2387 112.0852 161.26467 135.57417 195.05987 42.0 JPL
CH3CHOv=0 Acetaldehyde 704.22702 0.0002606 8(8,1)-8(7,2)E -3.58374 99.8719 143.69256 123.36238 177.48993 34.0 JPL
CH3CHOv=0 Acetaldehyde 704.20685 0.0002606 9(8,2)-9(7,3)E -3.35291 105.6571 152.01612 129.14691 185.81253 38.0 JPL

1a (691.228863879 -- 692.155525672 GHz ) 
CH3CHOv=0 Acetaldehyde 691.88778 3.56e-05 14(5,10)-13(4,9)A -3.04942 83.6763 120.39084 106.75519 153.59602 58.0 JPL
CH3CHOv=0 Acetaldehyde 691.92965 3.56e-05 14(5,9)-13(4,10)A -3.0494 83.6749 120.38882 106.75519 153.59602 58.0 JPL
CH3CHOv=0 Acetaldehyde 691.64754 0.0022347 19(12,7)-20(11,10)A -3.98527 324.2528 466.52477 347.32368 499.71842 78.0 JPL
CH3CHOv=0 Acetaldehyde 691.64754 0.0022347 19(12,8)-20(11,9)A -3.98527 324.2528 466.52477 347.32368 499.71842 78.0 JPL
CH3CHOv=0 Acetaldehyde 691.58404 0.0001487 21(3,18)-20(2,19)E -3.44041 140.5126 202.16513 163.58136 235.35573 86.0 JPL
CH3CHOv=0 Acetaldehyde 692.10364 0.0016124 41(8,33)-41(7,34)A -2.53352 630.80221 907.57845 653.8883 940.794 66.0 JPL
CH3CHOv=0 Acetaldehyde 691.73012 0.0016685 41(8,34)-41(7,34)E -2.73021 630.82911 907.61715 653.90274 940.81477 66.0 JPL
CH3CHOv=0 Acetaldehyde 692.06075 0.0016679 41(8,34)-41(7,35)E -2.97282 630.81811 907.60133 653.90277 940.81481 66.0 JPL
CH3CHOv=0 Acetaldehyde 691.42529 0.0017362 42(8,34)-42(7,36)E -2.83472 657.88111 946.53872 680.94458 979.72171 70.0 JPL
CH3CHOv=0 Acetaldehyde 691.31971 0.0017906 42(8,35)-42(7,36)A -2.54785 657.85341 946.49887 680.91335 979.67679 70.0 JPL

1b (690.302202086 -- 691.228863879 GHz ) 
CH3CHOv=0 Acetaldehyde 691.14518 1.34e-05 13(3,11)-12(0,12)E -4.97611 49.6197 71.39127 72.67382 104.56082 54.0 JPL
CH3CHOv=0 Acetaldehyde 691.18553 3.47e-05 14(5,10)-13(4,9)E -3.05168 83.6324 120.32768 106.68787 153.49916 58.0 JPL
CH3CHOv=0 Acetaldehyde 690.56132 0.0022413 19(12,7)-20(11,9)E -3.98709 324.2965 466.58764 347.33115 499.72917 78.0 JPL
CH3CHOv=0 Acetaldehyde 690.56227 0.0022288 19(12,8)-20(11,10)E -3.98722 324.2366 466.50146 347.27128 499.64303 78.0 JPL
CH3CHOv=0 Acetaldehyde 690.40239 0.0003935 26(5,21)-26(3,23)E -4.58289 242.13031 348.3695 265.15965 381.5034 6.0 JPL
CH3CHOv=0 Acetaldehyde 691.00316 0.0018219 37(1,36)-36(2,35)A -2.32979 427.70591 615.36986 450.75529 648.53259 50.0 JPL
CH3CHOv=0 Acetaldehyde 690.95048 0.0018189 37(1,36)-36(2,35)E -2.33196 427.68821 615.34439 450.73584 648.5046 50.0 JPL
CH3CHOv=0 Acetaldehyde 690.90732 0.0018145 42(8,34)-42(7,35)A -2.5486 657.86791 946.51973 680.9141 979.67786 70.0 JPL
CH3CHOv=0 Acetaldehyde 690.98886 0.0017624 42(8,34)-42(7,35)E -2.86338 657.89571 946.55973 680.94462 979.72177 70.0 JPL
CH3CHOv=0 Acetaldehyde 690.45052 0.0018801 42(8,35)-42(7,35)E -2.83664 657.89571 946.55973 680.92666 979.69594 70.0 JPL
CH3CHOv=0 Acetaldehyde 690.88695 0.00186 42(8,35)-42(7,36)E -2.86368 657.88111 946.53872 680.92662 979.69588 70.0 JPL
CH3CHOv=0 Acetaldehyde 690.5613 6.86e-05 9(6,3)-8(5,3)E -2.87571 62.3342 89.68449 85.36885 122.82602 38.0 JPL

2a (689.429050373 -- 690.355712166 GHz ) 
CH3CHOv=0 Acetaldehyde 690.12743 0.0004103 26(5,22)-26(3,23)A -3.83744 242.14761 348.39439 265.16778 381.5151 6.0 JPL
CH3CHOv=0 Acetaldehyde 689.55246 0.0004077 26(5,22)-26(3,23)E -3.89056 242.13031 348.3695 265.1313 381.46261 6.0 JPL

2b (688.50238858 -- 689.429050373 GHz ) 
CH3CHOv=0 Acetaldehyde 688.95848 0.0013389 35(3,32)-34(3,31)A -1.40013 402.54901 579.1749 425.53019 612.2395 42.0 JPL
CH3CHOv=0 Acetaldehyde 688.93031 0.0013368 35(3,32)-34(3,31)E -1.40019 402.52831 579.14512 425.50855 612.20837 42.0 JPL
CH3CHOv=0 Acetaldehyde 689.13416 7.12e-05 9(6,3)-8(5,4)A -2.87874 62.3869 89.76032 85.37394 122.83335 38.0 JPL
CH3CHOv=0 Acetaldehyde 689.13415 7.12e-05 9(6,4)-8(5,3)A -2.87874 62.3869 89.76032 85.37394 122.83335 38.0 JPL
CH3CHOv=0 Acetaldehyde 689.32214 6.97e-05 9(6,4)-8(5,4)E -2.87858 62.3119 89.65241 85.30521 122.73446 38.0 JPL

3a (687.42925759 -- 688.355919383 GHz ) 
CH3CHOv=0 Acetaldehyde 687.74951 0.003444 24(13,11)-25(12,14)A -3.8511 434.0484 624.49523 456.98925 657.50182 98.0 JPL
CH3CHOv=0 Acetaldehyde 687.74951 0.003444 24(13,12)-25(12,13)A -3.8511 434.0484 624.49523 456.98925 657.50182 98.0 JPL
CH3CHOv=0 Acetaldehyde 687.45003 0.0034342 24(13,12)-25(12,14)E -3.85169 434.0048 624.4325 456.93566 657.42471 98.0 JPL
CH3CHOv=0 Acetaldehyde 687.55291 0.0015621 36(3,34)-35(3,33)A -1.43092 418.51251 602.14268 441.44681 635.13983 46.0 JPL
CH3CHOv=0 Acetaldehyde 687.54271 0.0015613 36(3,34)-35(3,33)E -1.43088 418.48711 602.10614 441.42107 635.1028 46.0 JPL

3b (686.502595797 -- 687.42925759 GHz ) 
CH3CHOv=0 Acetaldehyde 686.76151 0.0034394 24(13,11)-25(12,13)E -3.85256 434.0489 624.49595 456.9568 657.45512 98.0 JPL
CH3CHOv=0 Acetaldehyde 687.11914 0.0014051 35(4,31)-34(4,30)A -1.40585 410.51711 590.63915 433.43694 623.61548 42.0 JPL
CH3CHOv=0 Acetaldehyde 687.15339 0.001404 35(4,31)-34(4,30)E -1.40587 410.49951 590.61383 433.42048 623.5918 42.0 JPL
