Species | Chemical Name | Freq (GHz) +/- error | Resolved QNs | Aij | E_L (1/cm) | E_L (K) | E_U (1/cm) | E_U (K) | Upper Level Degeneracy | Linelist 

0a (703.249883899 -- 704.176545691 GHz ) 
CH3OCHOv=0 MethylFormate 704.14722 5.4e-06 18(18,0)-17(17,0)E -3.05851 195.9424 281.91578 219.43022 315.70933 74.0 JPL
CH3OCHOv=0 MethylFormate 703.95596 3.4e-06 27(14,13)-26(13,13)E -2.28709 221.92301 319.29587 245.40445 353.08024 10.0 JPL
CH3OCHOv=0 MethylFormate 703.97798 3.2e-06 27(14,13)-26(13,14)A -2.28717 221.92381 319.29702 245.40599 353.08244 10.0 JPL
CH3OCHOv=0 MethylFormate 703.97798 3.2e-06 27(14,14)-26(13,13)A -2.28717 221.92381 319.29702 245.40599 353.08244 10.0 JPL
CH3OCHOv=0 MethylFormate 703.98317 3.3e-06 27(14,14)-26(13,14)E -2.28708 221.91911 319.29026 245.40146 353.07593 10.0 JPL
CH3OCHOv=0 MethylFormate 704.07418 3.8e-06 27(4,23)-26(2,24)A -3.91835 143.73961 206.80805 167.225 240.59808 10.0 JPL
CH3OCHOv=0 MethylFormate 703.91035 3.6e-06 27(4,23)-26(2,24)E -3.91905 143.74471 206.81538 167.22463 240.59756 10.0 JPL
CH3OCHOv=0 MethylFormate 703.99319 3.8e-06 27(4,23)-26(3,24)A -3.7302 143.74231 206.81193 167.225 240.59808 10.0 JPL
CH3OCHOv=0 MethylFormate 703.82909 3.6e-06 27(4,23)-26(3,24)E -3.72999 143.74741 206.81927 167.22462 240.59754 10.0 JPL
CH3OCHOv=0 MethylFormate 704.11051 9.9e-06 44(9,35)-44(6,38)A -4.75111 430.51671 619.41395 454.00331 653.20573 78.0 JPL
CH3OCHOv=0 MethylFormate 703.55103 1.32e-05 51(15,37)-51(13,38)A -3.03413 626.98272 902.08309 650.45066 935.84802 6.0 JPL

0b (704.176545691 -- 705.103207484 GHz ) 
CH3OCHOv=0 MethylFormate 704.19388 4.8e-06 18(18,0)-17(17,1)A -3.05846 195.9505 281.92744 219.43988 315.72322 74.0 JPL
CH3OCHOv=0 MethylFormate 704.19388 4.8e-06 18(18,1)-17(17,0)A -3.05846 195.9505 281.92744 219.43988 315.72322 74.0 JPL
CH3OCHOv=0 MethylFormate 704.2106 6e-06 18(18,1)-17(17,1)E -3.05848 195.9366 281.90744 219.42654 315.70402 74.0 JPL
CH3OCHOv=0 MethylFormate 704.49974 2.8e-06 22(9,13)-21(7,14)A -4.86736 117.8408 169.54565 141.34038 203.35611 90.0 JPL
CH3OCHOv=0 MethylFormate 704.44361 3.5e-06 33(7,26)-32(6,27)A -3.62553 235.13441 338.30402 258.63212 372.11179 34.0 JPL
CH3OCHOv=0 MethylFormate 704.31369 3.5e-06 33(7,26)-32(6,27)E -3.62532 235.13091 338.29898 258.62429 372.10052 34.0 JPL
CH3OCHOv=0 MethylFormate 704.63766 4.6e-06 34(14,20)-34(12,22)E -4.3674 311.23731 447.79849 334.74149 481.61557 38.0 JPL
CH3OCHOv=0 MethylFormate 704.62144 4.2e-06 34(14,20)-34(12,23)A -4.36651 311.23731 447.79849 334.74095 481.61479 38.0 JPL
CH3OCHOv=0 MethylFormate 704.61596 4.2e-06 34(14,21)-34(12,22)A -4.36651 311.23751 447.79878 334.74097 481.61481 38.0 JPL
CH3OCHOv=0 MethylFormate 704.6576 4.6e-06 34(14,21)-34(12,23)E -4.36709 311.23401 447.79374 334.73886 481.61178 38.0 JPL
CH3OCHOv=0 MethylFormate 705.08183 3.5e-06 34(8,26)-33(6,27)A -3.6642 254.29921 365.87773 277.81821 399.71613 38.0 JPL
CH3OCHOv=0 MethylFormate 705.06912 3.5e-06 34(8,26)-33(6,27)E -3.66462 254.29251 365.86809 277.81108 399.70588 38.0 JPL
CH3OCHOv=0 MethylFormate 704.52686 1.57e-05 52(15,37)-52(13,40)A -3.22713 648.59412 933.17689 672.09461 966.98866 10.0 JPL

1a (691.228863879 -- 692.155525672 GHz ) 
CH3OCHOv=0 MethylFormate 691.81593 3.3e-06 26(14,12)-25(13,12)E -2.08957 211.23351 303.91615 234.31001 337.11789 6.0 JPL
CH3OCHOv=0 MethylFormate 691.84211 3.1e-06 26(14,12)-25(13,13)A -2.08965 211.23411 303.91702 234.31148 337.12001 6.0 JPL
CH3OCHOv=0 MethylFormate 691.84211 3.1e-06 26(14,13)-25(13,12)A -2.08965 211.23411 303.91702 234.31148 337.12001 6.0 JPL
CH3OCHOv=0 MethylFormate 691.8447 3.2e-06 26(14,13)-25(13,13)E -2.08956 211.22881 303.90939 234.30627 337.11251 6.0 JPL
CH3OCHOv=0 MethylFormate 691.91427 4.4e-06 39(10,30)-38(9,29)A -3.2656 346.13741 498.01166 369.21719 531.21812 58.0 JPL
CH3OCHOv=0 MethylFormate 691.99623 4.3e-06 39(10,30)-38(9,29)E -3.26556 346.12931 498.0 369.21182 531.2104 58.0 JPL
CH3OCHOv=0 MethylFormate 691.42757 4.7e-06 40(10,31)-39(9,30)A -3.30179 362.93921 522.18556 386.00275 555.36866 62.0 JPL
CH3OCHOv=0 MethylFormate 691.52322 4.6e-06 40(10,31)-39(9,30)E -3.30175 362.93021 522.17261 385.99694 555.3603 62.0 JPL

1b (690.302202086 -- 691.228863879 GHz ) 
CH3OCHOv=0 MethylFormate 690.93179 3.3e-06 27(7,21)-26(4,22)A -3.55304 156.09721 224.58777 179.14421 257.74708 10.0 JPL
CH3OCHOv=0 MethylFormate 690.89126 3.1e-06 27(7,21)-26(4,22)E -3.55317 156.09711 224.58763 179.14276 257.74499 10.0 JPL
CH3OCHOv=0 MethylFormate 690.3326 4.1e-06 38(10,29)-37(9,28)E -3.22938 329.83141 474.5511 352.85843 507.68165 54.0 JPL
CH3OCHOv=0 MethylFormate 691.18321 1.08e-05 42(12,30)-42(9,33)A -4.65082 416.25131 598.88934 439.3067 632.06071 70.0 JPL

2a (689.429050373 -- 690.355712166 GHz ) 
CH3OCHOv=0 MethylFormate 689.42981 4.6e-06 33(11,22)-32(10,23)E -3.12823 263.87571 379.6561 286.87261 412.74333 34.0 JPL
CH3OCHOv=0 MethylFormate 690.26491 4.1e-06 38(10,29)-37(9,28)A -3.22931 329.83871 474.5616 352.86347 507.6889 54.0 JPL
CH3OCHOv=0 MethylFormate 689.81902 6.7e-06 40(14,26)-40(12,28)E -4.4228 404.68591 582.2494 427.6958 615.35531 62.0 JPL
CH3OCHOv=0 MethylFormate 689.91692 5.6e-06 40(14,26)-40(12,29)A -4.35616 404.67871 582.23905 427.69186 615.34965 62.0 JPL
CH3OCHOv=0 MethylFormate 689.68111 5.6e-06 40(14,27)-40(12,28)A -4.3565 404.68651 582.25027 427.6918 615.34955 62.0 JPL
CH3OCHOv=0 MethylFormate 689.93979 6.2e-06 40(14,27)-40(12,29)E -4.42255 404.67461 582.23315 427.68852 615.34485 62.0 JPL

2b (688.50238858 -- 689.429050373 GHz ) 
CH3OCHOv=0 MethylFormate 688.95176 4.2e-06 19(17,2)-18(16,2)E -3.13658 188.109 270.64533 211.08996 303.70961 78.0 JPL
CH3OCHOv=0 MethylFormate 688.99927 3.7e-06 19(17,2)-18(16,3)A -3.13653 188.1147 270.65353 211.09724 303.7201 78.0 JPL
CH3OCHOv=0 MethylFormate 688.99927 3.7e-06 19(17,3)-18(16,2)A -3.13653 188.1147 270.65353 211.09724 303.7201 78.0 JPL
CH3OCHOv=0 MethylFormate 689.00752 4.5e-06 19(17,3)-18(16,3)E -3.13655 188.102 270.63526 211.08482 303.70222 78.0 JPL
CH3OCHOv=0 MethylFormate 689.12711 4e-06 33(11,22)-32(10,22)E -3.40151 263.88581 379.67063 286.87262 412.74333 34.0 JPL
CH3OCHOv=0 MethylFormate 689.39147 3.3e-06 33(11,22)-32(10,23)A -2.94265 263.87851 379.66013 286.87413 412.74551 34.0 JPL
CH3OCHOv=0 MethylFormate 689.05067 3.3e-06 33(11,23)-32(10,22)A -2.94316 263.88841 379.67437 286.87267 412.7434 34.0 JPL
CH3OCHOv=0 MethylFormate 689.03732 4.2e-06 33(11,23)-32(10,22)E -3.12897 263.88581 379.67063 286.86962 412.73902 34.0 JPL
CH3OCHOv=0 MethylFormate 689.34003 3.8e-06 33(11,23)-32(10,23)E -3.40119 263.87571 379.6561 286.86962 412.73902 34.0 JPL
CH3OCHOv=0 MethylFormate 688.72293 3.5e-06 33(8,25)-32(6,26)A -3.66397 240.22011 345.62117 263.19343 378.67446 34.0 JPL
CH3OCHOv=0 MethylFormate 688.73148 3.5e-06 33(8,25)-32(6,26)E -3.66438 240.21361 345.61181 263.18722 378.66552 34.0 JPL
CH3OCHOv=0 MethylFormate 688.93381 4.9e-06 41(10,32)-40(9,31)A -3.33597 380.23641 547.07223 403.21677 580.13565 66.0 JPL
CH3OCHOv=0 MethylFormate 689.04134 4.8e-06 41(10,32)-40(9,31)E -3.33592 380.22671 547.05827 403.21066 580.12685 66.0 JPL
CH3OCHOv=0 MethylFormate 689.00736 7.8e-06 53(11,42)-52(11,41)A -1.12929 633.45842 911.40012 656.44123 944.46707 14.0 JPL
CH3OCHOv=0 MethylFormate 689.0173 8.1e-06 53(11,42)-52(11,41)E -1.1293 633.44982 911.38775 656.43296 944.45517 14.0 JPL

3a (687.42925759 -- 688.355919383 GHz ) 
CH3OCHOv=0 MethylFormate 688.14118 3.3e-06 28(13,15)-27(12,15)E -2.4901 221.59861 318.82914 244.55253 351.85451 14.0 JPL
CH3OCHOv=0 MethylFormate 688.15986 3.1e-06 28(13,15)-27(12,16)A -2.49008 221.59911 318.82985 244.55365 351.85613 14.0 JPL
CH3OCHOv=0 MethylFormate 688.15984 3.1e-06 28(13,16)-27(12,15)A -2.49008 221.59911 318.82985 244.55365 351.85613 14.0 JPL
CH3OCHOv=0 MethylFormate 688.1654 3.2e-06 28(13,16)-27(12,16)E -2.48999 221.59551 318.82468 244.55024 351.85122 14.0 JPL
CH3OCHOv=0 MethylFormate 687.79805 3.3e-06 36(9,27)-35(8,28)A -3.29849 291.10081 418.82672 314.04328 451.83563 46.0 JPL
CH3OCHOv=0 MethylFormate 687.77566 3.3e-06 36(9,27)-35(8,28)E -3.29842 291.09511 418.81852 314.03684 451.82636 46.0 JPL
CH3OCHOv=0 MethylFormate 687.45209 6.1e-06 37(9,29)-37(6,32)A -4.78283 306.03271 440.31027 328.96364 473.30258 50.0 JPL

3b (686.502595797 -- 687.42925759 GHz ) 
CH3OCHOv=0 MethylFormate 686.54319 3.9e-06 37(10,28)-36(9,27)A -3.19406 314.04331 451.83567 336.94393 484.78436 50.0 JPL
CH3OCHOv=0 MethylFormate 686.59715 3.8e-06 37(10,28)-36(9,27)E -3.19433 314.03681 451.82632 336.93923 484.7776 50.0 JPL
CH3OCHOv=0 MethylFormate 686.60675 6e-06 41(14,27)-41(12,30)A -4.35232 421.76341 606.81998 444.66615 639.77172 66.0 JPL
CH3OCHOv=0 MethylFormate 686.61404 6.8e-06 41(14,28)-41(12,30)E -4.46743 421.75961 606.81451 444.66259 639.7666 66.0 JPL
CH3OCHOv=0 MethylFormate 687.03965 1.07e-05 47(10,37)-47(7,40)A -4.62149 496.29761 714.05745 519.21479 747.02996 90.0 JPL
CH3OCHOv=0 MethylFormate 686.53859 7.7e-06 54(13,41)-53(13,40)A -1.24283 671.31312 965.86428 694.21358 998.81275 18.0 JPL
CH3OCHOv=0 MethylFormate 686.53235 8.51e-05 54(13,41)-53(13,40)E -1.24314 671.31052 965.86054 694.21077 998.80871 18.0 JPL
